# class=tennis ball
# object_index=0

FRAME 2
333 241
331 242
332 242
333 242
334 242
330 243
331 243
332 243
333 243
334 243
330 244
331 244
332 244
333 244

FRAME 3
326 245
327 245
328 245
325 246
326 246
327 246
328 246
324 247
325 247
326 247
327 247
328 247
325 248
326 248
327 248
328 248

FRAME 4
323 247
322 248
323 248
324 248
325 248
321 249
322 249
323 249
324 249
325 249
321 250
322 250
323 250
324 250
325 250

FRAME 6
311 259
312 259
313 259
310 260
311 260
312 260
313 260
309 261
310 261
311 261
312 261
313 261
309 262
310 262
311 262
312 262
310 263
311 263

FRAME 7
307 263
308 263
309 263
310 263
306 264
307 264
308 264
309 264
310 264
306 265
307 265
308 265
309 265
310 265
306 266
307 266
308 266
309 266
308 267

FRAME 8
301 271
302 271
303 271
300 272
301 272
302 272
303 272
300 273
301 273
302 273
303 273
300 274
301 274
302 274
303 274
300 275
301 275
302 275

FRAME 9
296 280
295 281
296 281
297 281
294 282
295 282
296 282
297 282
294 283
295 283
296 283
297 283
293 284
294 284
295 284
296 284
297 284
294 285
295 285
296 285

FRAME 15
308 214
309 214
310 214
307 215
308 215
309 215
310 215
307 216
308 216
309 216
310 216
307 217
308 217
309 217
310 217
307 218
308 218
309 218
310 218
307 219
308 219
309 219
307 220
308 220
309 220

FRAME 16
309 208
310 208
311 208
309 209
310 209
311 209
309 210
310 210
311 210
308 211
309 211
310 211
311 211
308 212
309 212
310 212
311 212
308 213
309 213
310 213
311 213
309 214

FRAME 17
313 196
314 196
312 197
313 197
314 197
312 198
313 198
314 198
312 199
313 199
314 199
312 200
313 200
314 200
313 201

FRAME 18
316 185
317 185
315 186
316 186
317 186
318 186
315 187
316 187
317 187
318 187
315 188
316 188
317 188
318 188
315 189
316 189
317 189
315 190
316 190
317 190

FRAME 19
317 180
318 180
319 180
316 181
317 181
318 181
319 181
316 182
317 182
318 182
319 182
320 182
316 183
317 183
318 183
319 183
316 184
317 184
318 184
319 184
316 185
317 185
318 185

FRAME 20
319 171
320 171
321 171
319 172
320 172
321 172
322 172
319 173
320 173
321 173
322 173
319 174
320 174
321 174
319 175
320 175
321 175

FRAME 21
322 162
323 162
321 163
322 163
323 163
321 164
322 164
323 164
324 164
321 165
322 165
323 165

FRAME 22
323 159
324 159
325 159
323 160
324 160
325 160
322 161
323 161
324 161
325 161
323 162
324 162
325 162

FRAME 23
325 152
326 152
327 152
328 152
325 153
326 153
327 153
328 153
325 154
326 154
327 154
328 154
325 155
326 155
327 155

FRAME 24
328 145
329 145
327 146
328 146
329 146
330 146
327 147
328 147
329 147
330 147
327 148
328 148
329 148
330 148

FRAME 26
331 137
332 137
330 138
331 138
332 138
333 138
330 139
331 139
332 139
330 140
331 140
332 140

FRAME 27
333 132
334 132
332 133
333 133
334 133
331 134
332 134
333 134
334 134
332 135
333 135
334 135

FRAME 28
333 130
334 130
335 130
333 131
334 131
335 131
333 132
334 132
335 132
333 133
334 133
335 133

FRAME 29
336 126
334 127
335 127
336 127
337 127
334 128
335 128
336 128
337 128
335 129
336 129

FRAME 30
337 123
338 123
336 124
337 124
338 124
339 124
336 125
337 125
338 125
339 125
338 126

FRAME 31
337 122
338 122
339 122
337 123
338 123
339 123
340 123
337 124
338 124
339 124

FRAME 32
339 120
340 120
341 120
339 121
340 121
341 121
339 122
340 122

FRAME 35
343 115
342 116
343 116
344 116
342 117
343 117
344 117

FRAME 36
344 114
345 114
343 115
344 115
345 115
346 115
344 116
345 116
346 116

FRAME 37
344 114
345 114
346 114
344 115
345 115
346 115
347 115
345 116
346 116

FRAME 38
345 114
346 114
347 114
348 114
345 115
346 115
347 115
348 115
346 116
347 116

FRAME 39
347 114
348 114
349 114
346 115
347 115
348 115
349 115
348 116
349 116

FRAME 40
347 114
348 114
349 114
350 114
347 115
348 115
349 115
350 115
349 116

FRAME 41
348 114
349 114
350 114
351 114
348 115
349 115
350 115
351 115
350 116

FRAME 51
355 101
356 101
355 102
356 102
355 103
356 103

FRAME 53
356 94
355 95
356 95
357 95
355 96
356 96
357 96
356 97

FRAME 54
356 91
357 91
358 91
356 92
357 92
358 92
356 93
357 93

FRAME 65
324 115
325 115
326 115
324 116
325 116
326 116
327 116
324 117
325 117
326 117
325 118
326 118

FRAME 66
321 121
322 121
323 121
320 122
321 122
322 122
323 122
320 123
321 123
322 123
323 123
320 124
321 124
322 124
321 125

FRAME 67
319 125
320 125
321 125
318 126
319 126
320 126
321 126
318 127
319 127
320 127
321 127
318 128
319 128
320 128

FRAME 68
316 132
314 133
315 133
316 133
317 133
314 134
315 134
316 134
317 134
314 135
315 135
316 135
317 135
314 136
315 136
316 136

FRAME 72
300 167
301 167
302 167
303 167
300 168
301 168
302 168
303 168
299 169
300 169
301 169
302 169
303 169
299 170
300 170
301 170
302 170
299 171
300 171
301 171
302 171
300 172
301 172

FRAME 74
295 184
296 184
294 185
295 185
296 185
293 186
294 186
295 186
296 186
293 187
294 187
295 187
296 187
293 188
294 188
295 188
296 188
293 189
294 189
295 189
296 189
294 190

FRAME 77
283 218
284 218
285 218
286 218
283 219
284 219
285 219
286 219
283 220
284 220
285 220
286 220
282 221
283 221
284 221
285 221
286 221
282 222
283 222
284 222
285 222
282 223
283 223
284 223
285 223
282 224
283 224
284 224

FRAME 79
278 240
277 241
278 241
279 241
276 242
277 242
278 242
279 242
276 243
277 243
278 243
279 243
276 244
277 244
278 244
279 244
276 245
277 245
278 245
279 245
276 246
277 246
278 246
279 246
276 247
277 247
278 247
276 248
277 248
278 248

FRAME 81
268 273
269 273
268 274
269 274
270 274
267 275
268 275
269 275
270 275
268 276
269 276
270 276

FRAME 82
266 273
267 273
268 273
266 274
267 274
268 274
269 274
266 275
267 275
268 275
269 275

FRAME 83
263 272
264 272
265 272
262 273
263 273
264 273
265 273
266 273
263 274
264 274
265 274
266 274
264 275

FRAME 84
261 271
259 272
260 272
261 272
262 272
259 273
260 273
261 273
262 273
263 273
260 274
261 274
262 274

FRAME 85
258 272
259 272
260 272
261 272
258 273
259 273
260 273
261 273
258 274
259 274
260 274
261 274

FRAME 86
256 272
257 272
255 273
256 273
257 273
258 273
255 274
256 274
257 274
258 274
255 275
256 275
257 275

FRAME 87
252 274
253 274
254 274
251 275
252 275
253 275
254 275
255 275
251 276
252 276
253 276
254 276
255 276
252 277
253 277
254 277

FRAME 88
251 275
252 275
253 275
250 276
251 276
252 276
253 276
250 277
251 277
252 277
253 277
250 278
251 278
252 278

FRAME 89
247 278
248 278
249 278
250 278
247 279
248 279
249 279
250 279
247 280
248 280
249 280
250 280
248 281

FRAME 90
245 281
246 281
244 282
245 282
246 282
247 282
244 283
245 283
246 283
247 283
244 284
245 284
246 284

FRAME 91
243 283
244 283
245 283
242 284
243 284
244 284
245 284
242 285
243 285
244 285
245 285
242 286
243 286
244 286
245 286

FRAME 92
239 288
240 288
241 288
242 288
239 289
240 289
241 289
242 289
239 290
240 290
241 290
242 290
239 291
240 291
241 291
242 291

FRAME 93
237 293
238 293
236 294
237 294
238 294
239 294
236 295
237 295
238 295
239 295
236 296
237 296
238 296
239 296
236 297
237 297
238 297

FRAME 94
236 296
234 297
235 297
236 297
237 297
234 298
235 298
236 298
237 298
234 299
235 299
236 299
237 299
234 300
235 300
236 300
237 300

FRAME 98
243 236
242 237
243 237
244 237
241 238
242 238
243 238
244 238
241 239
242 239
243 239
244 239
241 240
242 240
243 240
244 240
241 241
242 241
243 241
244 241
241 242
242 242
243 242
241 243
242 243
243 243
241 244
242 244
243 244

FRAME 99
244 220
245 220
244 221
245 221
246 221
243 222
244 222
245 222
246 222
243 223
244 223
245 223
246 223
243 224
244 224
245 224
246 224
243 225
244 225
245 225
246 225
243 226
244 226
245 226
243 227
244 227
245 227

FRAME 100
245 213
246 213
247 213
244 214
245 214
246 214
247 214
244 215
245 215
246 215
247 215
244 216
245 216
246 216
247 216
244 217
245 217
246 217
247 217
244 218
245 218
246 218
247 218
245 219
246 219

FRAME 103
249 183
250 183
251 183
248 184
249 184
250 184
251 184
248 185
249 185
250 185
251 185
248 186
249 186
250 186
251 186
248 187
249 187
250 187
251 187
248 188
249 188
250 188

FRAME 104
250 174
251 174
252 174
250 175
251 175
252 175
249 176
250 176
251 176
252 176
249 177
250 177
251 177
252 177
249 178
250 178
251 178

FRAME 105
251 166
252 166
253 166
251 167
252 167
253 167
251 168
252 168
253 168
251 169
252 169
253 169

FRAME 107
252 156
253 156
254 156
252 157
253 157
254 157
252 158
253 158
254 158
253 159

FRAME 108
253 150
254 150
255 150
253 151
254 151
255 151
253 152
254 152
255 152

FRAME 110
255 143
256 143
254 144
255 144
256 144
257 144
254 145
255 145
256 145
257 145
255 146
256 146

FRAME 111
255 139
256 139
255 140
256 140
257 140
255 141
256 141
257 141
255 142
256 142
257 142

FRAME 112
255 138
256 138
257 138
255 139
256 139
257 139
255 140
256 140
257 140

FRAME 114
256 133
256 134
257 134
258 134
256 135
257 135
258 135
256 136

FRAME 115
256 133
257 133
258 133
256 134
257 134
258 134
256 135
257 135
258 135

FRAME 116
256 132
257 132
258 132
256 133
257 133
258 133
258 134

FRAME 117
256 131
257 131
258 131
256 132
257 132
258 132
257 133
258 133

FRAME 118
257 130
258 130
256 131
257 131
258 131
259 131
257 132
258 132
259 132

FRAME 129
260 83
261 83
262 83
260 84
261 84
262 84
260 85
261 85
262 85
261 86

FRAME 130
262 84
263 84
264 84
262 85
263 85
264 85
262 86
263 86
264 86

FRAME 136
284 89
285 89
286 89
287 89
284 90
285 90
286 90
287 90
285 91
286 91
287 91

FRAME 137
289 90
290 90
291 90
289 91
290 91
291 91
292 91
289 92
290 92
291 92
292 92

FRAME 138
294 93
295 93
296 93
294 94
295 94
296 94
297 94
294 95
295 95
296 95

FRAME 139
296 94
297 94
298 94
296 95
297 95
298 95
299 95
298 96

FRAME 144
319 107
320 107
318 108
319 108
320 108
321 108
318 109
319 109
320 109
321 109
320 110

FRAME 146
325 114
326 114
327 114
328 114
329 114
325 115
326 115
327 115
328 115
329 115
326 116
327 116
328 116
329 116

FRAME 149
338 125
339 125
340 125
341 125
338 126
339 126
340 126
341 126
339 127
340 127
341 127
342 127
340 128
341 128

FRAME 154
360 317
361 317
362 317
359 318
360 318
361 318
362 318
363 318
360 319
361 319
362 319

FRAME 155
361 317
359 318
360 318
361 318
362 318
363 318
360 319
361 319
362 319

FRAME 156
372 163
373 163
374 163
372 164
373 164
374 164
375 164
372 165
373 165
374 165
375 165
372 166
373 166
374 166
375 166

FRAME 158
361 317
362 317
359 318
360 318
361 318
362 318
363 318
360 319
361 319
362 319

FRAME 160
390 188
391 188
392 188
390 189
391 189
392 189
393 189
390 190
391 190
392 190
393 190
394 190
390 191
391 191
392 191
393 191
394 191
391 192
392 192
393 192

FRAME 161
396 197
397 197
398 197
395 198
396 198
397 198
398 198
399 198
396 199
397 199
398 199
399 199
396 200
397 200
398 200
399 200
396 201
397 201
398 201
399 201

FRAME 162
403 206
401 207
402 207
403 207
404 207
402 208
403 208
404 208
405 208
402 209
403 209
404 209
405 209
402 210
403 210
404 210
405 210
403 211
404 211
405 211

FRAME 164
411 222
412 222
413 222
411 223
412 223
413 223
414 223
411 224
412 224
413 224
414 224
411 225
412 225
413 225
414 225
415 225
412 226
413 226
414 226
415 226

FRAME 165
418 232
419 232
417 233
418 233
419 233
420 233
417 234
418 234
419 234
420 234
418 235
419 235
420 235
421 235
418 236
419 236
420 236
421 236
419 237
420 237
421 237

FRAME 166
420 238
421 238
422 238
423 238
420 239
421 239
422 239
423 239
421 240
422 240
423 240
421 241
422 241
423 241
424 241
422 242
423 242
424 242
425 242
423 243
424 243

FRAME 173
454 269
455 269
456 269
457 269
453 270
454 270
455 270
456 270
457 270
454 271
455 271
456 271
457 271

FRAME 174
458 269
459 269
460 269
461 269
457 270
458 270
459 270
460 270
461 270
458 271
459 271
460 271

FRAME 175
460 269
461 269
462 269
463 269
460 270
461 270
462 270
463 270
461 271
462 271
463 271

FRAME 176
465 269
466 269
467 269
464 270
465 270
466 270
467 270
468 270
464 271
465 271
466 271
467 271
468 271
464 272
465 272
466 272
467 272
468 272

FRAME 177
469 270
470 270
471 270
472 270
469 271
470 271
471 271
472 271
469 272
470 272
471 272
472 272

FRAME 178
471 271
472 271
473 271
474 271
471 272
472 272
473 272
474 272
471 273
472 273
473 273
474 273

FRAME 179
476 273
477 273
478 273
479 273
476 274
477 274
478 274
479 274
476 275
477 275
478 275

FRAME 180
481 275
482 275
483 275
480 276
481 276
482 276
483 276
484 276
481 277
482 277
483 277
484 277
483 278

FRAME 181
483 277
484 277
485 277
486 277
483 278
484 278
485 278
486 278
483 279
484 279
485 279
486 279

FRAME 182
487 280
488 280
489 280
490 280
487 281
488 281
489 281
490 281
491 281
487 282
488 282
489 282
490 282
491 282
488 283
489 283
490 283
491 283

FRAME 185
481 227
482 227
483 227
481 228
482 228
483 228
481 229
482 229
483 229
484 229
481 230
482 230
483 230
484 230
481 231
482 231
483 231
484 231
481 232
482 232
483 232
484 232
481 233
482 233
483 233
484 233
481 234
482 234
483 234
484 234
482 235
483 235
484 235
483 236
484 236

FRAME 189
472 177
473 177
474 177
472 178
473 178
474 178
472 179
473 179
474 179
472 180
473 180
474 180
475 180
472 181
473 181
474 181
475 181
473 182
474 182

FRAME 190
471 171
472 171
473 171
471 172
472 172
473 172
471 173
472 173
473 173
471 174
472 174
473 174
471 175
472 175
473 175
471 176
472 176
473 176

FRAME 193
465 151
466 151
467 151
465 152
466 152
467 152
468 152
465 153
466 153
467 153
468 153
466 154
467 154
468 154

FRAME 194
463 145
464 145
465 145
463 146
464 146
465 146
466 146
463 147
464 147
465 147
466 147
464 148
465 148
466 148

FRAME 195
462 140
463 140
461 141
462 141
463 141
464 141
461 142
462 142
463 142
464 142
462 143
463 143

FRAME 197
459 135
460 135
458 136
459 136
460 136
461 136
459 137
460 137
461 137

FRAME 198
457 133
458 133
459 133
457 134
458 134
459 134
457 135
458 135
459 135

FRAME 199
456 132
457 132
458 132
456 133
457 133
458 133
456 134
457 134
458 134
457 135
458 135

FRAME 200
454 131
455 131
456 131
454 132
455 132
456 132
455 133
456 133

FRAME 201
453 130
452 131
453 131
454 131
455 131
453 132
454 132

FRAME 202
451 131
452 131
453 131
454 131
451 132
452 132
453 132

FRAME 203
450 131
451 131
452 131
450 132
451 132
452 132
451 133

FRAME 211
445 86
446 86
445 87
446 87
447 87
444 88
445 88
446 88
447 88
445 89
446 89

FRAME 213
443 78
444 78
445 78
443 79
444 79
445 79
443 80
444 80
445 80
